1625 0.553369501231527 0.064352392683498
2 0.997197333333333 0.832015505146121
3 0.86928675 0.753837318384204
4 0.7740378 0.700646852540822
5 0.726216666666667 0.648477175603908
6 0.699306285714286 0.603980955825764
7 0.762038125 0.588847056752736
8 0.771951 0.555877877925838
9 0.7520175 0.530731847029034
10 0.718094 0.517278837963715
11 0.697145333333333 0.500106581481277
12 0.709163461538462 0.482287102281908
13 0.703173357142857 0.465245053952309
14 0.6766716 0.460277706088227
15 0.6622478125 0.449149505720982
16 0.665784352941176 0.435968589802595
17 0.669999888888889 0.424041680306166
18 0.680582631578947 0.415166823725014
19 0.6674443 0.408686941708088
20 0.653547333333333 0.403650786903179
21 0.6503285 0.394645977335009
22 0.652313 0.386083601723434
23 0.647908166666667 0.37854451544971
24 0.63515028 0.376125564542962
25 0.642351153846154 0.370574667409406
26 0.649609 0.365525698112752
27 0.643327178571429 0.360420225942188
28 0.634014103448276 0.357563796792756
29 0.6391128 0.352624508942435
30 0.639407419354839 0.346894148293644
31 0.6321429375 0.343818291797148
32 0.63754203030303 0.339943630944316
33 0.63539 0.335135241720852
34 0.630626914285714 0.331478460452679
35 0.627163333333333 0.327483858645481
36 0.624937810810811 0.32330396233616
37 0.624094763157895 0.319062813967591
38 0.618710333333333 0.316689902563629
39 0.617110375 0.312865812811474
40 0.612162682926829 0.310607088884713
41 0.611535904761905 0.30691335055593
42 0.616969976744186 0.305361144299625
43 0.613541272727273 0.302707321761794
44 0.6118032 0.299546960599399
45 0.609130739130435 0.296815021069369
46 0.607852553191489 0.293768377325939
47 0.606627854166667 0.290813411827497
48 0.606979489795918 0.28784094116519
49 0.60679246 0.284951001559441
50 0.60508 0.282403257375051
51 0.6057465 0.279715159581513
52 0.604782962264151 0.277150880169681
53 0.599739351851852 0.277016910943355
54 0.597635381818182 0.274922111027005
55 0.596510839285714 0.272584002374548
56 0.593375175438596 0.271199387043447
57 0.593511103448276 0.268853254821267
58 0.595374050847458 0.266942402003956
59 0.591585916666666 0.266302940705211
60 0.592347131147541 0.2641769200866
61 0.594605951612903 0.262631009895303
62 0.597437396825397 0.261490467169503
63 0.598781265625 0.259658711802702
64 0.597594492307692 0.257828459846233
65 0.595994424242424 0.25619274793849
66 0.594055074626865 0.254761324431396
67 0.593273617647059 0.252962026558977
68 0.59304615942029 0.251129283035283
69 0.5906917 0.250094932358572
70 0.589648774647887 0.248480710251189
71 0.588622402777778 0.246900628917883
72 0.587040465753425 0.245570834866528
73 0.585626824324324 0.24420479914421
74 0.58380504 0.243077016465835
75 0.585895565789474 0.242150273973151
76 0.584137662337662 0.241060357482628
77 0.583987371794872 0.239513744777971
78 0.585416860759494 0.238327631006686
79 0.583624425 0.237368642000569
80 0.584213629629629 0.235957711915255
81 0.584751780487805 0.234564540812671
82 0.582754674698795 0.233847551441393
83 0.580497119047619 0.233359558462615
84 0.580341717647059 0.231987166082224
85 0.581476104651163 0.230871468316627
86 0.58053524137931 0.229706555523875
87 0.581262681818182 0.228498437581765
88 0.582423314606741 0.22747182579608
89 0.581029044444444 0.226586671188749
90 0.581178428571428 0.225342706656599
91 0.580521728260869 0.224202208680318
92 0.58006588172043 0.22303642351312
93 0.581299936170213 0.222165862076915
94 0.581337768421052 0.220993779072408
95 0.581905989583333 0.219909508130735
96 0.582568237113402 0.218869221180692
97 0.582817153061224 0.217763478079434
98 0.582257919191919 0.21673158938015
99 0.58202274 0.215657904174348
100 0.581402069306931 0.214677377272915
101 0.581585509803921 0.213630399957577
102 0.580738058252427 0.21276304819165
103 0.579328875 0.212220125055543
104 0.578977219047619 0.211237579219363
105 0.579629103773585 0.21034490536219
106 0.579650420560747 0.209359792940735
107 0.580785398148148 0.208718734418317
108 0.580443798165137 0.207789430544869
109 0.580352145454545 0.206844990056491
110 0.58004990990991 0.205935545520575
111 0.579204357142857 0.205207586647071
112 0.577827823008849 0.204816308353816
113 0.579215657894737 0.20444898592798
114 0.579413478260869 0.20356909406751
115 0.57966875 0.202708226915576
116 0.580681273504273 0.202134477465329
117 0.580814542372881 0.201281315058229
118 0.579933571428571 0.200662137826251
119 0.579016908333333 0.200074340484772
120 0.578518661157024 0.199320614685289
121 0.578510778688524 0.198502065011207
122 0.578504016260162 0.197693513378005
123 0.578295717741935 0.196908300285395
124 0.57877716 0.196192347546601
125 0.579439055555555 0.195552327663325
126 0.579179409448819 0.194802718944078
127 0.5796592734375 0.194115620190677
128 0.579143093023255 0.193449938763785
129 0.578519946153846 0.192834392056712
130 0.578249580152671 0.192121705500237
131 0.577505022727272 0.191582214067465
132 0.577196413533834 0.190893552466027
133 0.576976798507462 0.190196793258581
134 0.576426755555555 0.189597995417535
135 0.57669025 0.188924465615726
136 0.576504802919708 0.188246120738962
137 0.57634236231884 0.187572466034954
138 0.576819395683453 0.186980520930825
139 0.577397685714285 0.186436243690364
140 0.577410751773049 0.185774010210803
141 0.577506394366197 0.185122204327873
142 0.57702286013986 0.184563753030891
143 0.576527555555555 0.184017136758365
144 0.576342255172413 0.183394977818492
145 0.575898863013698 0.18284380346686
146 0.57553262585034 0.18227455061405
147 0.575106581081081 0.181731141565508
148 0.575073832214765 0.18112071704121
149 0.574330706666666 0.180743738892114
150 0.573731105960265 0.180293873849862
151 0.573005875 0.179920667016536
152 0.573189803921568 0.179346063451155
153 0.57241611038961 0.17901880579507
154 0.572198380645161 0.178460846750395
155 0.571905865384615 0.177925211321992
156 0.571631159235669 0.177390850262126
157 0.572586588607595 0.177233374359772
158 0.571910899371069 0.176879188034022
159 0.57181758125 0.176329500453075
160 0.571220347826087 0.175943298206177
161 0.570950345679012 0.17543287769926
162 0.570294159509202 0.175093216623516
163 0.570808847560975 0.174682217268003
164 0.570426636363636 0.174220843893904
165 0.569754542168675 0.173909706133156
166 0.569890281437126 0.173397056368728
167 0.569843017857143 0.172881302385876
168 0.569726899408284 0.172375631101913
169 0.569182111764706 0.172013754834433
170 0.56900983625731 0.171524761294727
171 0.568922598837209 0.171029220527862
172 0.569237439306358 0.170584180978845
173 0.568974120689655 0.170128547368971
174 0.569332942857143 0.16970778712736
175 0.569905221590909 0.16939423100946
176 0.57003113559322 0.16892329791095
177 0.570424415730337 0.168529367161315
178 0.570667877094972 0.168089342469399
179 0.570257761111111 0.167711559414847
180 0.569756392265193 0.167382840151848
181 0.569246939560439 0.167063019983582
182 0.568883879781421 0.166677918617077
183 0.56855802173913 0.166282811980528
184 0.568097724324324 0.165950290768846
185 0.568105387096774 0.165503619436239
186 0.567854609625668 0.165095933117501
187 0.56811829787234 0.164695741441174
188 0.567915105820106 0.164283085991847
189 0.568697531578947 0.164202890515191
190 0.568303120418848 0.163862687320182
191 0.568167807291666 0.163446102987439
192 0.567848575129533 0.163082118512084
193 0.567575943298969 0.16270535046095
194 0.567348651282051 0.162318496472708
195 0.567034091836734 0.161963465377106
196 0.567480233502538 0.161672564868388
197 0.567162929292929 0.161325268896225
198 0.567291814070351 0.160929637703805
199 0.567338745 0.160528174629689
200 0.567259870646766 0.160132237964892
201 0.567112400990099 0.159749061334178
202 0.566823738916256 0.159407908496002
203 0.566635372549019 0.159039369248033
204 0.566861151219512 0.158683764283963
205 0.5672575 0.158399827536306
206 0.56704690821256 0.158045661333319
207 0.567067423076923 0.157665562420397
208 0.56672809569378 0.157364034893924
209 0.567344552380952 0.157241668385898
210 0.567391568720379 0.156870094881593
211 0.567449745283019 0.156501962477783
212 0.567677333333333 0.156169315508283
213 0.567707196261682 0.155804616253516
214 0.567960525581395 0.155486027390119
215 0.567940296296296 0.155125972074088
216 0.567351824884792 0.155009591287274
217 0.567374853211009 0.154654028093507
218 0.567577497716895 0.154329538715179
219 0.567709027272727 0.153990692502794
220 0.567663257918552 0.153643402054465
221 0.567640603603603 0.153297337726087
222 0.567976560538116 0.153035122586228
223 0.567762290178571 0.152726666380576
224 0.567446457777778 0.152460191686236
225 0.56770010619469 0.152170088869017
226 0.567694334801762 0.151834567299059
227 0.567537298245614 0.151519704591222
228 0.567238572052402 0.151255785849479
229 0.567091008695652 0.150943129324143
230 0.567187822510822 0.150623214576212
231 0.567643181034483 0.150457504384335
232 0.567688712446352 0.150135888792743
233 0.567317782051282 0.149921697170654
234 0.566926493617021 0.149722067478786
235 0.56689975 0.149405085458144
236 0.566753400843882 0.149106502476406
237 0.566781542016807 0.14879355448074
238 0.566713690376569 0.148485634279838
239 0.567197270833333 0.148364440325524
240 0.567101331950208 0.148063770208889
241 0.567235049586777 0.14777211784695
242 0.567376251028807 0.147484104992529
243 0.567382848360656 0.14718160910672
244 0.567194191836735 0.146910490663519
245 0.567200796747968 0.146611624483443
246 0.567178611336032 0.146314952582881
247 0.567095334677419 0.146025530133063
248 0.567332907630522 0.145780027536579
249 0.567130772 0.145523135642825
250 0.567111087649402 0.145233293102877
251 0.566748067460317 0.145058904916954
252 0.566713162055336 0.144773003800161
253 0.567032578740157 0.144577034277536
254 0.567147203921568 0.144304835217502
255 0.567264 0.144034789902122
256 0.567275653696498 0.14375441437813
257 0.56739276744186 0.143487833579159
258 0.567308312741313 0.143216986839915
259 0.567323923076923 0.142941524990741
260 0.567788850574713 0.142864257044826
261 0.567337954198473 0.142777301060899
262 0.567382634980989 0.142507437988378
263 0.567613715909091 0.142286640330325
264 0.567484550943396 0.142033427107256
265 0.567478684210526 0.141766227756044
266 0.567630808988764 0.141522248933077
267 0.567553141791045 0.14126366891261
268 0.56741031598513 0.141020237591058
269 0.567172037037037 0.140813088571019
270 0.56700894095941 0.140578592779497
271 0.566791411764706 0.140365624420469
272 0.566759446886447 0.140109300458639
273 0.566436083941606 0.139955412013905
274 0.566270152727273 0.139727714159212
275 0.566127507246377 0.139494412796467
276 0.565908841155235 0.139289770334914
277 0.565949276978417 0.139040652177825
278 0.565651612903226 0.138879960520748
279 0.565550632142857 0.138641999366007
280 0.565401241992883 0.138417659929227
281 0.565366840425532 0.138173223989754
282 0.565312915194346 0.137931858294571
283 0.56519075 0.137704142955683
284 0.565225480701754 0.137463590483216
285 0.565311416083916 0.137230727745085
286 0.565076721254355 0.137048926731935
287 0.564873760416667 0.136853988041981
288 0.564630494809689 0.136679373260285
289 0.5645793 0.136446291302613
290 0.564358941580756 0.13626332671658
291 0.564477575342466 0.136044851939011
292 0.564514631399317 0.135813971207962
293 0.564582119047619 0.135587719554297
294 0.564432471186441 0.135382033250436
295 0.564066591216216 0.135299172638817
296 0.563758356902357 0.135175266554206
297 0.563637369127517 0.13496437888056
298 0.563323461538461 0.134847420693662
299 0.563292123333333 0.134623578003093
300 0.563497671096345 0.134446910451678
301 0.563607175496688 0.134237576238165
302 0.5633350330033 0.134099300567128
303 0.563270404605263 0.133883287339507
304 0.563526734426229 0.133738324051644
305 0.563201490196078 0.133640385362625
306 0.563342270358306 0.133445277700324
307 0.563158558441558 0.133267349307941
308 0.562892048543689 0.133133716759146
309 0.562993264516129 0.13293071900986
310 0.562751093247588 0.132785308035846
311 0.562871846153846 0.132589442194701
312 0.562688690095846 0.132416995022187
313 0.562800455414012 0.132220757870153
314 0.562684066666666 0.132026826463913
315 0.562682740506329 0.131817759825286
316 0.562852804416403 0.131644397676811
317 0.562714242138364 0.131460397265808
318 0.562597184952978 0.131270782632564
319 0.56241030625 0.131108004941656
320 0.562282672897196 0.130923537219114
321 0.562142782608695 0.130744106967785
322 0.562158594427244 0.130541868164896
323 0.561963682098765 0.130387323559229
324 0.5620062 0.130188822648478
325 0.561822171779141 0.130031322853975
326 0.561638596330275 0.129874648181064
327 0.561655396341463 0.129676873261407
328 0.561392039513677 0.129567464108108
329 0.561415336363636 0.129371690935982
330 0.561517302114803 0.129189397288375
331 0.561530268072289 0.128994903906685
332 0.561740258258258 0.128857890874917
333 0.561538419161676 0.128717553169155
334 0.561556179104477 0.128525703669991
335 0.561518532738095 0.128336152423408
336 0.561525804154302 0.128145670555836
337 0.561307615384615 0.128018641035584
338 0.561433737463126 0.127850711700335
339 0.561421885294117 0.127662744007019
340 0.56115633431085 0.127569424364461
341 0.561406190058479 0.127466314264344
342 0.56150075510204 0.127292381345166
343 0.561532354651162 0.127108575958462
344 0.561592142028985 0.12692907084197
345 0.561754615606936 0.126781436601064
346 0.56173669740634 0.12659906134827
347 0.561978988505747 0.126497578780313
348 0.562017363896848 0.12631824873177
349 0.561913428571428 0.126152608474019
350 0.562054176638176 0.126000292581253
351 0.562213068181818 0.125856397444942
352 0.562067416430594 0.12570770943175
353 0.561856813559321 0.125592377925007
354 0.562095850704225 0.125495977115469
355 0.561926502808988 0.125360208100957
356 0.56189043977591 0.125186359684977
357 0.561827005586592 0.12501714160198
358 0.562078108635097 0.124933274033978
359 0.562050472222222 0.124760733815101
360 0.561911418282548 0.124615748006251
361 0.562034919889502 0.12446562912225
362 0.562116592286501 0.124303783815111
363 0.562179829670329 0.124138766347631
364 0.56201766849315 0.124007196481195
365 0.562023204918032 0.123837717040078
366 0.562004133514986 0.12366942393216
367 0.561851062499999 0.123536089340559
368 0.561836929539295 0.123368880607543
369 0.561895791891891 0.12320724163862
370 0.561893407008086 0.123041090652025
371 0.561828682795698 0.122881925679056
372 0.561676420911528 0.122752228089932
373 0.561563189839572 0.122607515161288
374 0.561611314666666 0.122447466355635
375 0.561641494680851 0.1222859254509
376 0.561639681697612 0.122123639894609
377 0.561683462962963 0.121964956207547
378 0.561718448548812 0.121805845514548
379 0.561549368421052 0.121689995623461
380 0.561772383202099 0.121607924182445
381 0.561640164921466 0.121476065232274
382 0.561731357702349 0.121330468696037
383 0.561775690104166 0.121175489332192
384 0.561699844155844 0.121027142647099
385 0.561770847150259 0.120878298860525
386 0.561793788113695 0.120722865710736
387 0.561676520618556 0.120589262862404
388 0.56185459125964 0.120485231568727
389 0.561638948717948 0.120405805113534
390 0.561513759590792 0.120277146439697
391 0.561546244897959 0.120125351216039
392 0.561801002544529 0.120078405905418
393 0.561754989847715 0.11992939428272
394 0.561729698734177 0.119778540741655
395 0.561626141414141 0.119644913416913
396 0.561711554156171 0.11950621977039
397 0.561491278894472 0.11943665985112
398 0.561367824561403 0.119312318951873
399 0.56130708 0.119169262609255
400 0.561146239401496 0.119064042784009
401 0.561081019900497 0.118923032574606
402 0.560987590570719 0.118790164714412
403 0.560953574257425 0.118645021280647
404 0.560833358024691 0.118523088556807
405 0.560716862068965 0.118400247461259
406 0.56067866093366 0.118257208258956
407 0.560772355392156 0.118127320404427
408 0.560700034229828 0.11799186536993
409 0.56051861707317 0.117904983285828
410 0.560592883211678 0.117771060171703
411 0.560483298543689 0.117649025185559
412 0.560587198547215 0.117525430128939
413 0.56047440821256 0.117405783102508
414 0.56048571566265 0.11726447073756
415 0.560703447115384 0.117207400847473
416 0.560653028776978 0.117071296501783
417 0.560782423444976 0.116961025811714
418 0.560618634844868 0.116869355435185
419 0.560427857142857 0.116795445582757
420 0.560644546318289 0.116741145398101
421 0.560754144549763 0.116624427000093
422 0.560761933806146 0.116486601397316
423 0.560921139150943 0.116395219603671
424 0.56073026117647 0.11632462355523
425 0.560660232394366 0.116196980881726
426 0.560690632318501 0.116062535126757
427 0.560785817757009 0.115943553660135
428 0.560810522144522 0.115809470241434
429 0.560690830232558 0.11570129215938
430 0.560515526682134 0.115624148195896
431 0.560629898148148 0.11551465212652
432 0.560622752886836 0.115381281856689
433 0.560524905529954 0.115266261514175
434 0.560388958620689 0.115168523467327
435 0.560293279816513 0.115053680698651
436 0.560395132723112 0.114941642128416
437 0.56044557305936 0.114815197145002
438 0.560325059225512 0.114712084299392
439 0.560295079545454 0.114583377258978
440 0.560488752834467 0.11452546740988
441 0.560461115384615 0.114397312637418
442 0.56052216027088 0.114275330043654
443 0.56049743018018 0.114147755819657
444 0.56058017752809 0.114032758600275
445 0.560565423766816 0.113905272644753
446 0.560496071588367 0.113787216967474
447 0.56033053125 0.113714024718825
448 0.560255634743875 0.113598385471604
449 0.56023868 0.113472663576112
450 0.560302073170731 0.113354769646656
451 0.560304566371681 0.113229320150779
452 0.560329 0.113105466825345
453 0.560311544052863 0.112981443534688
454 0.560286683516483 0.112858462935772
455 0.560209739035088 0.112746593621628
456 0.560239398249453 0.112624951763506
457 0.560118962882096 0.11253138782194
458 0.560177594771242 0.112415740860722
459 0.560086397826087 0.112310479714903
460 0.560156045553145 0.112198546073845
461 0.560071722943723 0.112091675539615
462 0.559926758099352 0.112013906825139
463 0.559949896551724 0.111894244758386
464 0.559932782795699 0.111774471517389
465 0.559875594420601 0.111661287448754
466 0.559723685224839 0.111589865693398
467 0.559803833333333 0.111484037098386
468 0.559735315565032 0.111374984776169
469 0.559774427659574 0.111259661945217
470 0.559650845010616 0.111173777323338
471 0.559544995762712 0.111079702314851
472 0.559367904862579 0.111028900289531
473 0.559452210970464 0.110926873877135
474 0.559453522105263 0.110810050903379
475 0.559453966386555 0.110693593017353
476 0.559525121593291 0.110588398000403
477 0.559581989539749 0.110479640794972
478 0.559504580375783 0.11037723296342
479 0.559407616666666 0.1102826167974
480 0.559338008316008 0.110178473250734
481 0.559506441908714 0.110126094166944
482 0.55949935610766 0.110012142920912
483 0.559571407024793 0.109909842529583
484 0.559564189690722 0.109796589756691
485 0.559561936213992 0.109683583362961
486 0.559526772073922 0.109573656253476
487 0.559581934426229 0.109468099369213
488 0.55942891206544 0.109408345462758
489 0.559350142857143 0.109310526251499
490 0.559470947046843 0.109231892849385
491 0.559372786585366 0.109142504102301
492 0.559349801217038 0.10903294773611
493 0.559194544534413 0.108977071575349
494 0.559123292929293 0.108878455814335
495 0.559160622983871 0.108771814828797
496 0.559251987927565 0.108681381290982
497 0.559337335341366 0.10858887935412
498 0.559330290581162 0.108480132210052
499 0.559355158 0.108373021467582
500 0.5593034750499 0.108270978600877
501 0.559323661354582 0.10816402893625
502 0.55935797415507 0.10805919135564
503 0.559375009920635 0.107952612677612
504 0.559352954455446 0.10784681259062
505 0.559234998023715 0.10777279516152
506 0.559158471400394 0.107680218495595
507 0.55924524015748 0.107591922115232
508 0.559195430255403 0.107492043382657
509 0.559172598039216 0.107387842784128
510 0.559272029354207 0.107306211987311
511 0.559204390625 0.107212272882267
512 0.559092627680312 0.107137577202613
513 0.559087112840467 0.107033379914097
514 0.559068798058252 0.106930219708385
515 0.559110664728682 0.106830779900537
516 0.55903380270793 0.106741692253754
517 0.559061444015444 0.106640462036919
518 0.55907650867052 0.106538227739277
519 0.559015567307692 0.106444792155891
520 0.559081176583493 0.106353112640694
521 0.559166946360153 0.106269227570317
522 0.559171196940726 0.106167627556576
523 0.55920161832061 0.106068555831872
524 0.559184752380952 0.10596819332255
525 0.559147372623574 0.105870879618055
526 0.558990944971537 0.105831211811768
527 0.558960736742424 0.105733219541588
528 0.55898295463138 0.10563446907826
529 0.559036016981132 0.1055418233544
530 0.559054229755179 0.105443229918001
531 0.559116736842105 0.105353929267261
532 0.558980485928705 0.105301956966105
533 0.558853147940075 0.105244380995251
534 0.55889496635514 0.10515041638525
535 0.558983854477612 0.105072399562094
536 0.558953852886406 0.104976819118389
537 0.558966899628253 0.104879647411892
538 0.55898514471243 0.104783165874293
539 0.558970346296296 0.104686663231656
540 0.558901922365989 0.104601951069892
541 0.558858236162361 0.10451035002591
542 0.558778720073665 0.104430480622846
543 0.558732321691176 0.104340054484218
544 0.55873067706422 0.104244292770301
545 0.558665835164835 0.104159787419858
546 0.558679685557587 0.104065037071175
547 0.558614005474452 0.1039813911704
548 0.558665102003643 0.103893533163027
549 0.55875272 0.10381934139243
550 0.558828693284936 0.103740390343767
551 0.558770978260869 0.103655233740687
552 0.558777473779385 0.103561582951416
553 0.558816079422383 0.103472056342722
554 0.558820992792793 0.103378860931488
555 0.558801773381295 0.103286844921566
556 0.558923648114901 0.103234092914153
557 0.558960494623656 0.103145213630688
558 0.558931 0.103055268827886
559 0.558802883928571 0.103007760521524
560 0.558857848484848 0.102924131387191
561 0.55884318683274 0.10283310746878
562 0.558932641207815 0.102763624328291
563 0.55890699822695 0.102674284247791
564 0.558994840707964 0.102604591600199
565 0.558958593639576 0.102517531974188
566 0.558930608465608 0.102429252440736
567 0.558906126760563 0.102340706443151
568 0.558966008787346 0.102260695757287
569 0.558972896491228 0.102171086115096
570 0.559022563922942 0.102088467048156
571 0.559018078671328 0.10199924615049
572 0.558952598603839 0.101922234793175
573 0.558941613240418 0.101833753174388
574 0.55904508 0.101775356489325
575 0.559029826388888 0.101687629281713
576 0.559091610051993 0.101610293488693
577 0.559145603806228 0.101530641514724
578 0.559146599309153 0.101442928864645
579 0.5590735 0.101370701771416
580 0.558991129087779 0.101302851285627
581 0.559034984536082 0.101221303853311
582 0.559026295025729 0.101134673133875
583 0.558915190068493 0.101083652311133
584 0.558856531623931 0.101007166555389
585 0.558807537542662 0.100927903084074
586 0.558690700170357 0.100881552810243
587 0.55879756122449 0.100828978202508
588 0.558818341256366 0.100744608626962
589 0.558834455932203 0.100659955387318
590 0.558825131979695 0.100575013621596
591 0.558672439189189 0.100558569353329
592 0.558701364249578 0.100476210380369
593 0.558641235690235 0.100402276227559
594 0.558731899159664 0.100342201778386
595 0.558636869127517 0.100284780378798
596 0.558658353433836 0.10020212730354
597 0.558648152173913 0.100118621474371
598 0.558585372287145 0.100046794806222
599 0.55862003 0.0999669864279825
600 0.558618763727121 0.0998837894097569
601 0.558630644518272 0.0998012199824228
602 0.558696169154229 0.0997313907482744
603 0.558662579470198 0.099652211105045
604 0.558707702479339 0.0995759951997829
605 0.558643764026402 0.0995062315880778
606 0.55865878583196 0.0994249198980734
607 0.558659809210526 0.0993431255355604
608 0.558677573070607 0.0992624959438688
609 0.558667690163934 0.0991813997354643
610 0.558648049099836 0.0991013906030129
611 0.558665852941176 0.0990213702527554
612 0.558777504078303 0.09897911628309
613 0.558667156351791 0.0989362113776376
614 0.558545247154471 0.0989018859474957
615 0.558494081168831 0.0988297217184256
616 0.558582270664505 0.098773855017218
617 0.558615411003236 0.0986973415201821
618 0.558606576736672 0.0986178306166614
619 0.558564369354839 0.0985438632728563
620 0.558563072463768 0.098464493715731
621 0.558597300643087 0.0983890077063907
622 0.558624004815409 0.0983122679828787
623 0.558636182692308 0.0982339308038794
624 0.5586126464 0.0981570730112006
625 0.558532714057508 0.0980989966685689
626 0.558509767145135 0.0980224179874444
627 0.558437687898089 0.0979609716365281
628 0.558410413354531 0.0978854565919954
629 0.558304073015873 0.0978440937564291
630 0.558391141045959 0.0977909541670602
631 0.558354911392405 0.0977177953025751
632 0.558342001579779 0.0976411179226743
633 0.558279788643533 0.0975766385121011
634 0.558229759055118 0.0975079137477063
635 0.558195732704403 0.0974349992623251
636 0.558281428571429 0.0973824735182233
637 0.558395873040752 0.0973489861292825
638 0.558309029733959 0.0972975129745382
639 0.55827715 0.0972248094544257
640 0.558233257410297 0.0971552871769764
641 0.558157412772586 0.0970985808087221
642 0.558185304821151 0.0970256209515138
643 0.55821198757764 0.0969526221916259
644 0.558241665116279 0.0968803633693605
645 0.558319159442725 0.0968253539163619
646 0.558278540958269 0.0967560064659585
647 0.558298560185185 0.0966826612114045
648 0.558242465331279 0.096618699082048
649 0.558220175384616 0.0965460183433308
650 0.55818642703533 0.0964756746464644
651 0.558253904907976 0.0964170347011753
652 0.558209548238898 0.0963498375224205
653 0.558333735474006 0.0963284352008455
654 0.558255899236641 0.0962754538095464
655 0.558216815548781 0.0962072451775672
656 0.558148881278539 0.0961497450849965
657 0.558090589665654 0.096088272439777
658 0.558027831562974 0.0960288348893225
659 0.557992566666667 0.095960328496492
660 0.557947900151286 0.095894579717428
661 0.557979012084592 0.0958254629200546
662 0.55798204826546 0.0957532009525442
663 0.557967888554217 0.0956817651186763
664 0.557921263157895 0.0956173454273954
665 0.557921115615616 0.0955455337427938
666 0.557803590704648 0.0955220461447883
667 0.557874531437126 0.0954681028530618
668 0.55781777877429 0.095408000945724
669 0.557799186567164 0.0953379871736909
670 0.557731278688525 0.0952831335593531
671 0.557826351190476 0.0952440566714315
672 0.557818065378901 0.0951735119298879
673 0.5577453768546 0.0951215752873126
674 0.557804699259259 0.0950635649301381
675 0.557834769230769 0.09499643809534
676 0.557760209748892 0.0949460443703885
677 0.557803137168142 0.0948825737368541
678 0.557773571428572 0.0948158040311066
679 0.557744619117647 0.0947490644509017
680 0.557762146842878 0.0946805760115328
681 0.557791457478006 0.0946142284844392
682 0.557726710102489 0.0945600584945352
683 0.557711676900585 0.0944917271358368
684 0.557623232116789 0.0944510587259646
685 0.557559048104956 0.0943971399725294
686 0.557519056768559 0.0943342277947173
687 0.557545960755814 0.0942682835622213
688 0.557530429608128 0.0942007301005764
689 0.557440789855073 0.0941618463917124
690 0.557493982633864 0.094104061098221
691 0.557507210982659 0.094036685181972
692 0.557482930735931 0.0939709838207086
693 0.557448981268012 0.0939075098132865
694 0.557469637410072 0.0938415038784735
695 0.557414971264368 0.0937851382323176
696 0.557359704447633 0.0937291775820999
697 0.557306545845273 0.0936725261286183
698 0.557357178826896 0.0936150555201207
699 0.55733624 0.0935498017207312
700 0.557388740370899 0.0934933709030748
701 0.557418836182336 0.0934301544326756
702 0.557440126600285 0.0933653838442476
703 0.557452134943182 0.0932995929043615
704 0.557456171631206 0.0932334610198623
705 0.557515263456091 0.0931806187544097
706 0.557407427157002 0.0931587709569568
707 0.557439596045198 0.0930968871011052
708 0.557450242595205 0.0930316415884745
709 0.557436105633803 0.0929668653453907
710 0.557377514767933 0.0929145818123793
711 0.557406044943821 0.092852426348745
712 0.557384862552595 0.0927890110999658
713 0.557353570028011 0.0927277748144115
714 0.557328963636364 0.0926652401945409
715 0.557385733240224 0.0926129485059543
716 0.557415888423989 0.0925518597928903
717 0.557402889972145 0.092488041100379
718 0.557344851182198 0.0924367848782472
719 0.557379009722222 0.0923771112814578
720 0.557431449375867 0.0923237506909393
721 0.557413451523546 0.0922610581227931
722 0.557366784232365 0.0922057586811694
723 0.557289690607735 0.0921653735043091
724 0.557309146206897 0.0921032769817589
725 0.55729361707989 0.0920407728970984
726 0.557290159559835 0.0919774965240717
727 0.557267677197802 0.0919163024014534
728 0.557366283950617 0.0918917618395896
729 0.557299963013699 0.0918462580704283
730 0.557341264021888 0.0917901974216526
731 0.557300448087432 0.0917341156866565
732 0.557396497953616 0.0917083457645006
733 0.557374196185286 0.0916478418482309
734 0.557405655782313 0.091589441007984
735 0.557406039402174 0.0915271993619859
736 0.557411248303935 0.0914651930132545
737 0.557431967479675 0.0914049343996443
738 0.557473186738836 0.0913499331296448
739 0.557460335135135 0.091288857853111
740 0.557454441295547 0.0912273795251101
741 0.55736829245283 0.0911960414621339
742 0.557375312247645 0.0911348512533551
743 0.557338426075269 0.0910791339579755
744 0.557336551677852 0.0910180008557513
745 0.557323634048258 0.0909576597437536
746 0.557328069611781 0.0908968381211702
747 0.557286315508022 0.0908432261378822
748 0.557243421895861 0.0907901423001974
749 0.557212321333334 0.0907335877104068
750 0.557131778961385 0.0906999839123074
751 0.557099498670213 0.0906439747534628
752 0.557090891102258 0.0905840737322061
753 0.557057816976127 0.0905285343243706
754 0.557112475496689 0.0904810106460696
755 0.557141903439154 0.0904247643198268
756 0.557104120211361 0.090370990233325
757 0.557119234828496 0.0903123165371206
758 0.557093446640316 0.0902555952786213
759 0.557068373684211 0.0901988420679692
760 0.557059889618923 0.090139862662726
761 0.557026967191601 0.0900852745620151
762 0.557074684141547 0.0900358571905832
763 0.557083713350785 0.0899772595765221
764 0.557114797385621 0.0899225363608919
765 0.557094255874674 0.0898656170218209
766 0.557165039113429 0.0898283801193375
767 0.55715069921875 0.0897707575166399
768 0.557083702210663 0.0897315807270047
769 0.557036511688312 0.0896828426960947
770 0.557005570687419 0.0896287761133719
771 0.557021952072539 0.0895718625103127
772 0.556980479948254 0.0895213223145358
773 0.557030298449613 0.0894741948979611
774 0.556988997419355 0.0894238333745613
775 0.556994658505155 0.0893663353130915
776 0.557015601029601 0.0893107149244968
777 0.557059039845758 0.0892615118540612
778 0.556990154043646 0.089224891699673
779 0.556973976923077 0.0891688210532851
780 0.556954901408451 0.0891133089513594
781 0.557054635549872 0.0890999180491894
782 0.557049832694764 0.0890431046641241
783 0.557061153061225 0.0889868626540299
784 0.5570096 0.0889418793867597
785 0.557034589058524 0.0888880399954023
786 0.557009141041932 0.0888344143485921
787 0.556976294416244 0.0887828114345077
788 0.556932871989861 0.0887349031327287
789 0.556940351898734 0.0886789729147525
790 0.55691813147914 0.0886251008568489
791 0.556956800505051 0.0885758098842147
792 0.556925539722573 0.0885243153365478
793 0.556906675062972 0.0884701469372918
794 0.556937617610063 0.0884187868388416
795 0.55687540201005 0.088380640850954
796 0.556892199498118 0.088326449031198
797 0.55698005764411 0.0883059301030946
798 0.556977153942428 0.0882506906406731
799 0.5569912775 0.088196420270244
800 0.5570061360799 0.0881423510499887
801 0.556989940149626 0.0880885749271984
802 0.557040546699876 0.0880453730415384
803 0.557056190298508 0.087991718077152
804 0.557036726708075 0.0879387796448243
805 0.557037684863524 0.0878842143253302
806 0.557105855018587 0.0878510668530518
807 0.557093860148515 0.0877973479719062
808 0.557003629171817 0.0877805472326344
809 0.557026541975309 0.087728765664187
810 0.557043072749692 0.0876759245004692
811 0.556985827586207 0.0876370843816339
812 0.556956755227552 0.0875870883776409
813 0.556918391891892 0.0875401058647031
814 0.55696709202454 0.0874974166220853
815 0.556914444852941 0.0874567022352327
816 0.556917357405141 0.0874032023723363
817 0.556911222493888 0.0873499371078066
818 0.556927062271062 0.087297769125969
819 0.556924243902439 0.0872445598233063
820 0.556957515225335 0.0871966157270859
821 0.556949546228711 0.0871438594289491
822 0.556968432563791 0.0870925838254189
823 0.556947237864078 0.0870418440814182
824 0.556978997575758 0.0869938526561015
825 0.556997740920097 0.0869428438101705
826 0.556943989117291 0.0869039946103984
827 0.556923495169082 0.0868535001044431
828 0.5569357973462 0.0868018216318246
829 0.556924831325301 0.0867500902031154
830 0.556972814681107 0.0867088985834032
831 0.55696890625 0.0866568474474307
832 0.556866507803121 0.0866551683409427
833 0.556864276978417 0.0866032251526359
834 0.556827395209581 0.0865579048369908
835 0.556799357655502 0.086509914116574
836 0.556793660692951 0.0864583770209615
837 0.556716415274463 0.086435670333046
838 0.55671147794994 0.0863842620880115
839 0.556728605952381 0.0863342530674251
840 0.556689921521998 0.0862901936141649
841 0.556702976247031 0.0862397681737088
842 0.556676111506524 0.086192127720469
843 0.55666118957346 0.0861421404186408
844 0.556628885207101 0.0860962688586979
845 0.556657639479906 0.0860494291915429
846 0.556674854781582 0.0860000753174839
847 0.556689408018868 0.0859503963518556
848 0.556688340400471 0.0858997684558092
849 0.556674415294118 0.0858501831274103
850 0.556650592244418 0.0858025387276911
851 0.556641396713615 0.0857525899138299
852 0.556672073856975 0.0857069876091739
853 0.556645142857143 0.0856604043881407
854 0.556635094736842 0.0856107995105835
855 0.556712599299065 0.0855907867774295
856 0.556727700116686 0.0855419768745333
857 0.556688230769231 0.0854999204351673
858 0.556669029103609 0.0854519898656296
859 0.556609381395349 0.085420185068849
860 0.556592092915215 0.0853720709023388
861 0.556621628770302 0.0853269382348159
862 0.556587128621089 0.0852835031415563
863 0.556657920138889 0.0852595017375432
864 0.556643536416185 0.0852112534318281
865 0.556638210161663 0.0851621851109421
866 0.556575279123414 0.0851332029321333
867 0.556607301843318 0.0850893734218401
868 0.556567769850403 0.0850483763147041
869 0.556506681609195 0.0850185578062583
870 0.556488340987371 0.0849714607092049
871 0.556458358944954 0.084927334288398
872 0.55643504696449 0.08488147077547
873 0.556430026315789 0.0848330273835742
874 0.556395755428571 0.0847905909180942
875 0.556387414383562 0.0847425398276258
876 0.55638728050171 0.0846942122632253
877 0.556361956719818 0.0846492892880564
878 0.556332556313993 0.0846056098990766
879 0.556308686363636 0.084560486299315
880 0.556259800227015 0.084524922936169
881 0.556222760770975 0.0844841462187105
882 0.556191970554926 0.0844412447324882
883 0.556192176470588 0.0843934705545956
884 0.55617506440678 0.0843473116259942
885 0.556144178329571 0.0843047053810242
886 0.556165782412627 0.0842596235277376
887 0.556153381756757 0.0842129765343058
888 0.556172430821147 0.0841675135435489
889 0.556174815730337 0.0841202451886569
890 0.556265108866442 0.08411616852211
891 0.5562948867713 0.0840737037918502
892 0.556308100783875 0.0840275436614511
893 0.556328836689038 0.0839828212769197
894 0.556343607821229 0.0839370523286446
895 0.556276973214286 0.0839138814785236
896 0.55622116722408 0.0838837280136242
897 0.556164982182628 0.0838538950469526
898 0.556178877641824 0.0838082792002147
899 0.556160405555556 0.083763537201451
900 0.556109528301887 0.083730953297229
901 0.556071331485588 0.0836923802397373
902 0.556043086378738 0.0836503274740731
903 0.556042473451327 0.0836040499267744
904 0.55600493480663 0.0835654694215058
905 0.556006857615894 0.0835193589111401
906 0.556010847850055 0.0834733910772202
907 0.556004001101322 0.0834276677126508
908 0.55600797359736 0.0833818512019293
909 0.556052494505495 0.0833468337894277
910 0.556075369923161 0.0833039347263614
911 0.556047668859649 0.0832624491889792
912 0.556002707557503 0.0832279149202378
913 0.555992223194748 0.0831829762086863
914 0.556040415300546 0.0831502740992114
915 0.556019272925764 0.0831073347406477
916 0.556021861504907 0.083062044531999
917 0.555986424836601 0.0830237266722816
918 0.55598001523395 0.0829787709408429
919 0.555995680434783 0.0829350211586315
920 0.555975894679696 0.0828921569666837
921 0.555993876355748 0.0828489896542292
922 0.555978036836403 0.0828054940000503
923 0.55597537012987 0.0827607133573217
924 0.555938387027027 0.0827236047878715
925 0.555922884449244 0.082680269926425
926 0.555920131607335 0.082635704737823
927 0.555934382543103 0.0825923089135778
928 0.555962364908504 0.0825522458633056
929 0.555931365591398 0.0825132607887558
930 0.555882930182599 0.0824821613307125
931 0.555877346566524 0.0824380754130126
932 0.555872235798499 0.0823940322638788
933 0.555868546038544 0.0823499894200956
934 0.555826037433155 0.0823161923005665
935 0.555803606837607 0.0822750671480306
936 0.555831383137673 0.0822355428074771
937 0.55577926652452 0.0822071763310963
938 0.555807358892439 0.082167895512805
939 0.555821617021277 0.0821253397704175
940 0.555794070138151 0.0820860358543782
941 0.555815619957537 0.0820451173865215
942 0.555809236479321 0.082001837716535
943 0.555831381355932 0.0819612141886532
944 0.555840014814815 0.0819182664575837
945 0.555802 0.0818832972199002
946 0.55579855438226 0.0818401214198564
947 0.555778438818565 0.0817992877020884
948 0.555753112750264 0.0817598973540032
949 0.555759276842105 0.0817170751278245
950 0.555798239747634 0.0816829285967147
951 0.55579781512605 0.0816400176772126
952 0.555825061909759 0.0816015038944223
953 0.555771992662474 0.0815751771969243
954 0.555731351832461 0.0815421189436329
955 0.555675003138075 0.0815180612552253
956 0.555640071055381 0.0814826183519223
957 0.555591868475992 0.0814537302652406
958 0.555600095933264 0.0814116494065311
959 0.555585326041667 0.0813705219800076
960 0.555567710718002 0.0813300059528776
961 0.555534148648649 0.0812943817151773
962 0.555547255451713 0.0812531787841225
963 0.555549532157676 0.0812110548164244
964 0.555566790673575 0.0811707343633384
965 0.555572584886128 0.0811289093160901
966 0.555612928645295 0.0810966441461062
967 0.555603808884298 0.0810552406761069
968 0.555544994840041 0.0810340687961579
969 0.555564142268041 0.0809944810203323
970 0.555541085478888 0.0809559484655872
971 0.555509347736625 0.0809203373999915
972 0.555512446043165 0.0808788014864545
973 0.555475359342916 0.0808455491684819
974 0.555462608205128 0.0808050591971359
975 0.555428213114754 0.080770793115544
976 0.555405211873081 0.0807326444299843
977 0.555375302658487 0.0806967749462034
978 0.555427335035751 0.0806719631512354
979 0.555429805102041 0.0806308305210359
980 0.555397897043833 0.0805959139389462
981 0.555416539714868 0.0805569830756494
982 0.555410506612411 0.0805162195444945
983 0.555421888211382 0.0804760875934288
984 0.555392610152284 0.0804404695271511
985 0.555404607505071 0.0804005495653535
986 0.555404027355623 0.0803598115467302
987 0.555417650809717 0.0803202736837979
988 0.555384505561173 0.0802864165870007
989 0.555414488888889 0.0802513973737893
990 0.555460054490414 0.08022370888014
991 0.555420421370968 0.0801929695681305
992 0.555399825780463 0.0801552051147382
993 0.555438930583501 0.0801243517887516
994 0.555432867336684 0.0800843063236437
995 0.555457875502008 0.0800479802836934
996 0.555443787362086 0.0800090611696867
997 0.555466389779559 0.0799721509495423
998 0.555487348348348 0.0799348570005883
999 0.555482763 0.0798950110253127
1000 0.555463540459541 0.0798574070255587
1001 0.5554865748503 0.0798208750520986
1002 0.555469779661017 0.0797828454084829
1003 0.555456018924303 0.0797442938696654
1004 0.555467408955224 0.0797054273037699
1005 0.555469673956262 0.0796658347901044
1006 0.555464030784508 0.0796264701071445
1007 0.555525226190476 0.0796106511672418
1008 0.555463868186323 0.0795950336297359
1009 0.555450546534654 0.0795567457804214
1010 0.555495674579624 0.0795303231085022
1011 0.555485900197629 0.0794916273061109
1012 0.555478058242843 0.0794527735130974
1013 0.555424408284024 0.0794319417495973
1014 0.555443007881774 0.0793950122354417
1015 0.555460025590551 0.0793577823224238
1016 0.555458090462144 0.0793187810845274
1017 0.555502337917485 0.079292369924795
1018 0.555510729146222 0.0792539056415635
1019 0.555485768627451 0.0792190532847048
1020 0.555474835455436 0.0791810188621079
1021 0.555495833659491 0.0791451152064658
1022 0.555464290322581 0.0791128498740706
1023 0.555457029296875 0.0790745521576119
1024 0.555429731707317 0.0790407968284192
1025 0.555424431773879 0.0790024507507179
1026 0.555380181110029 0.0789766988225132
1027 0.555358224708171 0.0789414126162517
1028 0.555320563654033 0.0789122840603297
1029 0.555337 0.0788757300328901
1030 0.555357832201746 0.0788403035972557
1031 0.55534945251938 0.0788025558689954
1032 0.555343424975799 0.0787646420729836
1033 0.555339233075435 0.078726660793134
1034 0.555316442512078 0.0786920319512328
1035 0.555286513513514 0.0786599372865228
1036 0.555269902603665 0.0786238193468357
1037 0.555242775529865 0.0785907925556839
1038 0.555232431183831 0.0785536700333608
1039 0.555219559615385 0.0785169909582186
1040 0.555263463016331 0.0784920401492188
1041 0.555246851247601 0.0784561977369151
1042 0.55522428379674 0.0784219614485396
1043 0.555217152298851 0.0783847324045869
1044 0.555187772248804 0.0783529696742319
1045 0.555181472275335 0.0783157718982568
1046 0.55517923591213 0.0782783962968385
1047 0.555190583015267 0.0782419023093475
1048 0.555140307912297 0.0782215337866296
1049 0.555101135238095 0.0781945700845854
1050 0.555114518553758 0.0781585642833821
1051 0.555121751901141 0.0781217597942106
1052 0.555096007597341 0.0780891206005976
1053 0.555101305502846 0.0780522569660539
1054 0.555124491943128 0.0780188881308441
1055 0.555117362689394 0.0779822824275485
1056 0.555128769157994 0.0779462665417117
1057 0.555124661625709 0.0779095356736249
1058 0.555117239848914 0.0778731166861856
1059 0.555066758490566 0.0778537093477864
1060 0.555026474081056 0.0778280639549575
1061 0.555009915254237 0.0777932829642043
1062 0.55499531420508 0.0777581388343569
1063 0.554993870300752 0.0777216040232418
1064 0.554992030046948 0.0776851296292699
1065 0.554987224202627 0.0776488417905755
1066 0.555030207122774 0.0776251335397013
1067 0.555014609550562 0.0775904564772288
1068 0.555028314312442 0.0775554500758045
1069 0.555034373831776 0.0775194539108954
1070 0.55500770961718 0.0774881642009363
1071 0.554990712686567 0.0774540112875097
1072 0.554971840633737 0.0774203763866626
1073 0.55496265735568 0.0773849096567463
1074 0.554925269767442 0.0773586122334446
1075 0.554902468401487 0.0773262705264857
1076 0.554857154131848 0.0773046550649186
1077 0.554846045454546 0.0772696511650927
1078 0.554825372567192 0.0772368191874979
1079 0.554882105555556 0.0772235424381109
1080 0.554875527289547 0.0771881183445371
1081 0.554870192236599 0.077152640312287
1082 0.554850703601108 0.0771196766335697
1083 0.554838053505535 0.077085220753484
1084 0.554859997235023 0.0770530766127859
1085 0.554844955801105 0.0770191864250361
1086 0.554846460901564 0.0769837668429902
1087 0.554804581801471 0.0769607669597433
1088 0.5547842543618 0.0769283453618172
1089 0.554774882568807 0.0768936709811468
1090 0.554764801099908 0.0768591435999535
1091 0.554766324175824 0.0768239600957432
1092 0.554785935956084 0.0767915432019514
1093 0.554736340036563 0.0767739497671787
1094 0.554710520547945 0.0767436369125873
1095 0.554712803832117 0.076708655349653
1096 0.554713253418414 0.0766736858987694
1097 0.554681281420765 0.0766460783376015
1098 0.554692646951774 0.0766121252458815
1099 0.554670072727273 0.0765809502811489
1100 0.554636770208901 0.076554132868173
1101 0.554631910163339 0.0765195607331433
1102 0.554641801450589 0.0764855706724789
1103 0.554621695652174 0.0764538386852361
1104 0.554599352941177 0.0764228421265223
1105 0.554593222423147 0.0763885569392652
1106 0.554608645889792 0.0763557695025955
1107 0.554621083032491 0.0763224269355506
1108 0.554607073038774 0.0762894340653763
1109 0.554598097297297 0.0762556475425334
1110 0.554553430243024 0.0762358474675806
1111 0.554546816546763 0.0762018799148556
1112 0.554537185983828 0.0761683165982369
1113 0.554506199281867 0.0761411401170297
1114 0.554538121973094 0.0761144462084748
1115 0.554574413978495 0.0760899879895965
1116 0.554552929274843 0.0760593068798155
1117 0.554564516100179 0.0760262697393977
1118 0.554551042001788 0.075993626998099
1119 0.554548224107143 0.0759597521835974
1120 0.554525198929527 0.0759297744179935
1121 0.55451226114082 0.0758971662345648
1122 0.554522695458593 0.0758641716721484
1123 0.55449428113879 0.0758363948629825
1124 0.554502820444445 0.0758032229292409
1125 0.554515738898757 0.0757707939774702
1126 0.554516448979592 0.0757371741188979
1127 0.554503410460993 0.0757048606398498
1128 0.554518279007972 0.0756729735236122
1129 0.554519767256637 0.075639499025602
1130 0.554479512820513 0.0756181607580963
1131 0.554476856007067 0.075584805941284
1132 0.55448120564872 0.0755515842654157
1133 0.554484799823633 0.0755183618372255
1134 0.554444999118943 0.0754969843748946
1135 0.554441036091549 0.0754638658609247
1136 0.55444818117854 0.0754310574712559
1137 0.554439550087873 0.0753984699418771
1138 0.554428460052678 0.0753662926821551
1139 0.554419785087719 0.0753337989450388
1140 0.554424401402279 0.075300940838505
1141 0.554395102451839 0.0752744709809823
1142 0.554385124234471 0.0752422908936702
1143 0.554408787587413 0.0752136529387639
1144 0.554397887336245 0.0751817053558013
1145 0.554402436300175 0.0751490540497852
1146 0.554384637314734 0.0751187045423992
1147 0.554432502613241 0.0751034772860456
1148 0.554424088772846 0.0750713293543285
1149 0.554409270434783 0.0750403636682048
1150 0.554426395308428 0.0750100067560705
1151 0.554474115451389 0.0749949202883684
1152 0.554524290546401 0.0749817334990567
1153 0.554516898613518 0.0749496589930257
1154 0.554497083982684 0.0749202300577917
1155 0.554493704152249 0.0748879061937375
1156 0.554517224719101 0.0748598077963037
1157 0.554530227979275 0.0748287851302602
1158 0.554541998274375 0.0747975689781924
1159 0.55454126637931 0.0747653258473304
1160 0.554543257536606 0.0747331510047634
1161 0.554514594664372 0.0747073710183269
1162 0.554522352536544 0.0746757139789164
1163 0.554540919243986 0.0746463153513832
1164 0.554571750214592 0.0746216854508212
1165 0.554583406518011 0.07459074062939
1166 0.554579979434447 0.0745588672881373
1167 0.55459276369863 0.074528222733407
1168 0.554617441402909 0.0745011129024426
1169 0.554619823076923 0.0744693125358082
1170 0.554633465414176 0.0744389710686912
1171 0.554610470989761 0.0744113675448578
1172 0.554607260869565 0.0743797235682698
1173 0.554599425894378 0.0743485231665721
1174 0.554617958297873 0.074319591490592
1175 0.55461574829932 0.074288024930018
1176 0.55457375191164 0.0742704245382066
1177 0.554562653650255 0.0742398702829926
1178 0.554567617472435 0.0742085749167687
1179 0.554578488983051 0.0741780632114878
1180 0.554584005080441 0.074146893908313
1181 0.554611588832488 0.0741215840300037
1182 0.554605033812342 0.0740905923497441
1183 0.554612108952703 0.0740596972847894
1184 0.554582339240507 0.0740355286949604
1185 0.554576373524452 0.0740045947741144
1186 0.554562204717776 0.0739750245652422
1187 0.554599243265994 0.0739548939115841
1188 0.55457605214466 0.0739281092360918
1189 0.554587187394958 0.0738980379974435
1190 0.554588837951302 0.0738670299015969
1191 0.554569112416108 0.0738391769716099
1192 0.55455055071249 0.073811005712786
1193 0.554568257956449 0.0737826250356379
1194 0.554532220083682 0.0737622592803496
1195 0.554526574414716 0.0737316740615028
1196 0.554540953216374 0.0737025466242635
1197 0.554553982470785 0.0736731586475181
1198 0.554570469557965 0.0736446404430233
1199 0.554551055 0.0736170183330049
1200 0.554547337218984 0.0735864764324526
1201 0.554546852745424 0.0735558619643506
1202 0.554556137157107 0.0735259883652096
1203 0.554583098006645 0.0735013967110068
1204 0.554578241493776 0.0734710851305658
1205 0.554571795190713 0.0734409590757694
1206 0.554534375310688 0.073422030683413
1207 0.55453098178808 0.0733917291742069
1208 0.554541309346567 0.0733622487868857
1209 0.554571644628099 0.0733395129126209
1210 0.5545610776218 0.0733101476058218
1211 0.554549584983498 0.0732809892584017
1212 0.554589213520198 0.0732637673834634
1213 0.554597242174629 0.0732341204653279
1214 0.554584269958848 0.073205372097603
1215 0.554606565789474 0.0731793918478489
1216 0.554621086277732 0.0731510726533242
1217 0.554599539408867 0.0731249007594831
1218 0.554608908941755 0.0730956322140288
1219 0.554588021311475 0.0730693082303497
1220 0.554576885339885 0.0730404158704327
1221 0.554597045008183 0.0730139224119785
1222 0.554627734260016 0.0729919502561309
1223 0.554624403594771 0.0729622201642485
1224 0.554619960816326 0.0729325992162914
1225 0.554618899673736 0.0729028584820046
1226 0.554613349633252 0.0728734037705076
1227 0.554569879478827 0.0728596393396377
1228 0.55459534825061 0.072835459837882
1229 0.55459811300813 0.0728059104233761
1230 0.554618847278635 0.0727799654437242
1231 0.554582026785714 0.0727618914394805
1232 0.55457803081914 0.0727325146529916
1233 0.554578841977309 0.072703044034819
1234 0.554569021052632 0.0726744225053561
1235 0.554597722491909 0.072652019444867
1236 0.554605970897332 0.0726232262592117
1237 0.554638184168013 0.072602730089291
1238 0.554632784503632 0.0725736739353809
1239 0.5546246 0.0725449764869465
1240 0.554620609991942 0.072515878276333
1241 0.554647586151369 0.0724929083079711
1242 0.554626997586484 0.0724673745330128
1243 0.554601036173633 0.0724440243777311
1244 0.55457896064257 0.0724191102858134
1245 0.554553509630819 0.0723956137980648
1246 0.554552311948677 0.072366592412709
1247 0.554540421474359 0.0723388121933081
1248 0.554525835868695 0.0723116835247612
1249 0.5545188816 0.0722831708939252
1250 0.554517597122302 0.0722542892334695
1251 0.554498206070287 0.0722286842654489
1252 0.554514169193934 0.0722020655754835
1253 0.554475203349282 0.0721864498513044
1254 0.554492893227091 0.0721604036861157
1255 0.554481570859872 0.0721327869063076
1256 0.554455584725537 0.0721099699529375
1257 0.554442570747218 0.0720827804153031
1258 0.554447568705322 0.0720543657909002
1259 0.554482449206349 0.072036399755746
1260 0.5544529888977 0.0720154238714051
1261 0.554449500792393 0.0719869925211307
1262 0.554458325415677 0.0719591713337155
1263 0.554463440664557 0.0719309305558421
1264 0.554458280632411 0.0719027277700301
1265 0.554455992890995 0.071874370615781
1266 0.554461322020521 0.0718462512337602
1267 0.554454110410095 0.0718183738561018
1268 0.554424440504334 0.0717978448535173
1269 0.554430465354331 0.0717698933285766
1270 0.554402959087333 0.0717483506022041
1271 0.554372896226415 0.0717281498441162
1272 0.554387007855459 0.071701737822194
1273 0.554396177394034 0.0716743385740764
1274 0.554359876862745 0.0716579403226389
1275 0.55436788322884 0.0716304261883705
1276 0.554377620203602 0.0716032190972196
1277 0.55438247026604 0.0715754096780512
1278 0.554370951524628 0.0715486081883142
1279 0.5543703234375 0.0715206575797341
1280 0.554347556596409 0.071497376091551
1281 0.554378554602184 0.0714780962866594
1282 0.554379008573655 0.0714502368613349
1283 0.554369978971962 0.071423140454611
1284 0.554310283268482 0.0714273810891863
1285 0.554322279160187 0.0714008994514857
1286 0.554309923076923 0.0713745301981927
1287 0.554335312111801 0.0713526309608562
1288 0.554331173002327 0.0713251027652072
1289 0.554335604651163 0.0712976295498104
1290 0.554327015491867 0.071270678521111
1291 0.554299560371517 0.0712499210002293
1292 0.554279938128383 0.071225855727005
1293 0.554343497681607 0.0712350020048662
1294 0.554307250965251 0.0712194294007572
1295 0.554312846450617 0.0711922322297219
1296 0.554319445643793 0.0711651785183492
1297 0.554314245762712 0.0711380063274689
1298 0.554292560431101 0.0711149109201502
1299 0.554299975384615 0.071088056112982
1300 0.554292599538816 0.0710612279459771
1301 0.554303157450077 0.0710349542311686
1302 0.554317663085188 0.0710096198153577
1303 0.554343293711656 0.0709884162356946
1304 0.554346643678161 0.0709613155078406
1305 0.55432565467075 0.0709381951331351
1306 0.554318508798776 0.0709115223734447
1307 0.554332360856269 0.0708861792994305
1308 0.554330708938121 0.0708591228495561
1309 0.554358408396947 0.0708391614735358
1310 0.554347337909992 0.070813272705203
1311 0.554345592987805 0.0707863089906646
1312 0.554328282559025 0.0707621258795715
1313 0.554309829528158 0.0707383548022947
1314 0.554292093536122 0.0707143756293947
1315 0.554266424012158 0.0706936320814493
1316 0.554252283978739 0.0706686497792244
1317 0.554237601669196 0.070643845090581
1318 0.554255485974223 0.070620045462451
1319 0.554228034848485 0.0706003300103583
1320 0.554208989401968 0.0705769947842858
1321 0.554205443267776 0.0705504141978117
1322 0.554207934240363 0.0705238042708662
1323 0.554220496978852 0.0704986472716796
1324 0.554218225660377 0.0704720874487038
1325 0.554209073152338 0.0704462970413208
1326 0.554168689525245 0.0704351012112504
1327 0.554133143072289 0.0704204831225687
1328 0.554133653122649 0.0703939868048452
1329 0.554129676691729 0.0703676672407149
1330 0.554159498873028 0.0703496355939206
1331 0.554151069069069 0.0703238955991487
1332 0.554144749437359 0.0702978909647598
1333 0.554138793103448 0.0702718739844969
1334 0.554157471161049 0.0702488625329409
1335 0.554158047155689 0.0702225700230932
1336 0.554150733732236 0.0701968128470426
1337 0.554155197309417 0.0701707657578729
1338 0.554175531740105 0.070148501707264
1339 0.554170058208955 0.0701226080492125
1340 0.554170239373602 0.0700964578462366
1341 0.554164699701937 0.0700706302153828
1342 0.554155619508563 0.0700453278386841
1343 0.554136376488095 0.0700228155684953
1344 0.554124817100372 0.0699980627357261
1345 0.554113513372957 0.0699732836772275
1346 0.554122809205642 0.0699481365197881
1347 0.55409690578635 0.069928649292254
1348 0.554087404002965 0.0699035962975155
1349 0.554098002962963 0.0698787856229046
1350 0.554110052553664 0.0698543219663973
1351 0.55409574852071 0.0698304627521285
1352 0.554084937915743 0.0698057839655862
1353 0.554079432791728 0.0697802954007606
1354 0.554101050922509 0.0697590770992765
1355 0.554124353244838 0.069738625325267
1356 0.554111066322771 0.0697146416655685
1357 0.554103476435935 0.0696895296685148
1358 0.55410306107432 0.0696638866280868
1359 0.554100148529412 0.0696383529678721
1360 0.554083180749449 0.0696155770402974
1361 0.554134798091043 0.0696160649761581
1362 0.554137093176816 0.0695905740281541
1363 0.554175318914956 0.0695793729758843
1364 0.554163522344323 0.0695552458462132
1365 0.554138942166911 0.0695357121151568
1366 0.554152022677396 0.0695119549570361
1367 0.554149500730994 0.0694866064578791
1368 0.554172290723156 0.0694663375198971
1369 0.554164409489051 0.0694415924855304
1370 0.554133362509118 0.0694257739701501
1371 0.554108723760933 0.0694064644471338
1372 0.554084021121632 0.0693872175994962
1373 0.554111451965066 0.0693694098013002
1374 0.554143261818182 0.0693542039179365
1375 0.554130489825582 0.0693306155511646
1376 0.554124559186638 0.0693057856223324
1377 0.55412634107402 0.0692806653751024
1378 0.554131957940537 0.0692558547977963
1379 0.554112784782609 0.0692344186443916
1380 0.554096664011586 0.0692119382181407
1381 0.554078197539798 0.0691902964629769
1382 0.554046101952278 0.069175568150659
1383 0.554024363439306 0.069155297890145
1384 0.554040785559567 0.0691330270961796
1385 0.554028123376624 0.0691096894141521
1386 0.554011969718818 0.0690873890380769
1387 0.55398925648415 0.0690676773581145
1388 0.55401486825054 0.0690494037536321
1389 0.554019313669065 0.0690247602049582
1390 0.55402120201294 0.0689999804603076
1391 0.554025433908046 0.0689753721133093
1392 0.554022243359656 0.0689507125723781
1393 0.554037278335725 0.0689282611022997
1394 0.554019615053764 0.0689067071090707
1395 0.554021410458453 0.0688820552759775
1396 0.554023025053687 0.0688574237254698
1397 0.554000636623748 0.0688378785045674
1398 0.554012350250179 0.0688146653216642
1399 0.554012514285714 0.0687900845388331
1400 0.55399001213419 0.0687706839788576
1401 0.553962086305278 0.0687540996498559
1402 0.553966242337848 0.0687297689218821
1403 0.553983034188034 0.0687081670414887
1404 0.553972735231317 0.068684795476817
1405 0.553949528449502 0.0686658755423079
1406 0.553942982942431 0.0686419084728544
1407 0.553931503551137 0.0686188794876913
1408 0.553920120652946 0.0685958547550553
1409 0.553916665248227 0.0685716483383808
1410 0.553896734939759 0.0685514302799271
1411 0.553881131728046 0.0685296578178896
1412 0.553878960368012 0.068505452413527
1413 0.553900621640736 0.0684860646697007
1414 0.55389141484099 0.0684627357269693
1415 0.553884669491526 0.0684390271253672
1416 0.553866546930134 0.0684182722811168
1417 0.55387465303244 0.0683948237865011
1418 0.553901205778718 0.0683780307984347
1419 0.553897078169014 0.0683541266286875
1420 0.553870957776214 0.0683371599525031
1421 0.5538705 0.0683131293688835
1422 0.55385408081518 0.0682919287481761
1423 0.553850507724719 0.0682680786887846
1424 0.553850895438597 0.0682441223414131
1425 0.553822020336606 0.0682288970866824
1426 0.553804414856342 0.0682082265891349
1427 0.553823699579832 0.0681882315346954
1428 0.553807920923723 0.0681669764251544
1429 0.553804566433567 0.0681432556362895
1430 0.553806561844864 0.0681194836047984
1431 0.553822203910615 0.0680982655252013
1432 0.553818183531054 0.0680746706489897
1433 0.553787389121339 0.0680609143291302
1434 0.553765565156795 0.0680422146708859
1435 0.553765782729805 0.068018519465296
1436 0.553754071677105 0.0679962967228408
1437 0.553757098052851 0.0679727467627454
1438 0.553775216122307 0.0679525980322205
1439 0.553752685416667 0.0679343758855563
1440 0.553735706453852 0.0679138562109372
1441 0.553756468793343 0.0678948783495021
1442 0.553762426888427 0.0678717257785298
1443 0.553779859418283 0.067851451949552
1444 0.553800996539793 0.0678327254699401
1445 0.553802468188105 0.0678092891898721
1446 0.553781707671044 0.0677904510041173
1447 0.553775823895028 0.0677674082555988
1448 0.553760193926846 0.0677466308317404
1449 0.553753659310345 0.0677237227092529
1450 0.553753549276361 0.0677003819032847
1451 0.553730311983471 0.0676828533491246
1452 0.5537150110117 0.0676620707160634
1453 0.553700812929849 0.0676409643225739
1454 0.553710896907217 0.0676188092965524
1455 0.553722624313187 0.0675970647407736
1456 0.553731459162663 0.0675747043211167
1457 0.55374027297668 0.0675523643389745
1458 0.553736133653187 0.0675293951100408
1459 0.553727757534247 0.0675070228097472
1460 0.553723721423682 0.0674840920527942
1461 0.553707039671683 0.0674640220206159
1462 0.553704963773069 0.0674410080485833
1463 0.553688715846994 0.067420835327623
1464 0.553701087372014 0.0673994831638605
1465 0.553692989085948 0.0673772046865431
1466 0.55368333265167 0.0673552512633645
1467 0.553694084468665 0.0673335655138475
1468 0.553667681415929 0.0673182448920076
1469 0.553652693877551 0.0672977952901262
1470 0.553661053704963 0.0672756800861213
1471 0.553640572690217 0.06725741174333
1472 0.553643762389681 0.0672346891627163
1473 0.553627744233379 0.0672146899406463
1474 0.553620853559322 0.0671924222384494
1475 0.553627629403794 0.0671701608182113
1476 0.553633089370345 0.0671477459010342
1477 0.553635625169148 0.0671250970561174
1478 0.553611796484111 0.0671086534577819
1479 0.553624072297297 0.067087638906625
1480 0.553624174881837 0.0670649857589176
1481 0.553648494601889 0.0670488878124936
1482 0.553668315576534 0.0670306213638791
1483 0.553672311994609 0.0670082098529912
1484 0.553663768350168 0.066986452914759
1485 0.553656549125168 0.0669644878145807
1486 0.553657203093477 0.0669419721344032
1487 0.553660346774194 0.0669195842123209
1488 0.55365814439221 0.0668971630653702
1489 0.553655608724832 0.0668747821643514
1490 0.553629053655265 0.0668602101961345
1491 0.553621782171582 0.0668383899561303
1492 0.553611862022773 0.0668171010155155
1493 0.553594876840696 0.066797959624925
1494 0.553585274916388 0.0667766468064376
1495 0.553565959224599 0.0667585023917947
1496 0.553553177688711 0.0667380322880529
1497 0.553548215620828 0.0667160290983841
1498 0.553552110740494 0.0666939422611577
1499 0.553534029333333 0.0666753824538597
1500 0.553548782811459 0.0666556176162389
1501 0.55355217310253 0.0666335544267996
1502 0.553542400532269 0.0666124606142905
1503 0.553557257978723 0.0665928029722387
1504 0.55357624717608 0.0665747486324492
1505 0.553590536520584 0.0665549504428523
1506 0.553581114134041 0.0665338696385872
1507 0.553551381299735 0.0665218200672993
1508 0.553552524850895 0.0664997895518094
1509 0.553552496688742 0.0664777661160765
1510 0.553570574454004 0.0664594772533693
1511 0.553570363756614 0.0664374967828096
1512 0.553529312623926 0.066434717209304
1513 0.553532399603699 0.0664128820027286
1514 0.5535278 0.0663912011693109
1515 0.553517486147757 0.0663705148195796
1516 0.553486684245221 0.0663594738232211
1517 0.553504108695652 0.0663410840713523
1518 0.553509225148124 0.0663195429827916
1519 0.553505996710526 0.0662978431569122
1520 0.553512774490467 0.0662765721918791
1521 0.553520829829172 0.0662555405715254
1522 0.553513192383454 0.0662344555368805
1523 0.553522943569554 0.0662138150594258
1524 0.553514203278688 0.0661929814744983
1525 0.553520526867628 0.0661717503077352
1526 0.553529486574984 0.066151005450759
1527 0.553547103403141 0.0661329387323895
1528 0.55356014911707 0.0661132757284899
1529 0.553558664705882 0.0660916920395371
1530 0.553551980404964 0.0660706213580371
1531 0.553560169712794 0.0660498315866729
1532 0.55357484605349 0.0660307841695778
1533 0.553553533246415 0.0660145326191457
1534 0.553573749837133 0.0659977760536567
1535 0.553578641276042 0.0659765672365862
1536 0.553571957059206 0.065955621220552
1537 0.553560460988296 0.0659357161017598
1538 0.55355287394412 0.0659149625783162
1539 0.55353052987013 0.0658993881762961
1540 0.553530544451655 0.0658780026879775
1541 0.553522817769131 0.0658573364882904
1542 0.553509381075826 0.0658381066609498
1543 0.553491990284974 0.0658203276589783
1544 0.553501691909385 0.0658001274241364
1545 0.553530528460543 0.0657886080904057
1546 0.553512553329024 0.0657711388932782
1547 0.553506021317829 0.0657503934999292
1548 0.553491770819884 0.0657315578817713
1549 0.553507643225806 0.0657133200957383
1550 0.553513980012895 0.0656926062256416
1551 0.553499527706185 0.0656739054054215
1552 0.553480683837733 0.0656569547556349
1553 0.553469034749035 0.0656374315943271
1554 0.553481117684887 0.0656180517309397
1555 0.553467270565553 0.0655992354760958
1556 0.553461835581246 0.0655785166268945
1557 0.553456948652118 0.065557751112614
1558 0.553453217447081 0.0655368876441086
1559 0.553439503205128 0.0655181165840841
1560 0.553432747597694 0.065497670777979
1561 0.553399208066581 0.0654901091989235
1562 0.553391327575176 0.0654698965457876
1563 0.553392863171355 0.0654489910818508
1564 0.553391404472843 0.0654281029512937
1565 0.553408416347382 0.0654106716117599
1566 0.553433401403956 0.0653972715696409
1567 0.553424521045918 0.0653773596174299
1568 0.553448015296367 0.0653631432835661
1569 0.553431074522293 0.0653457691894291
1570 0.553439499681731 0.065325821360942
1571 0.553422563613231 0.0653084900758425
1572 0.553412348378894 0.0652889838320188
1573 0.55343399682338 0.0652738878844916
1574 0.553421813968254 0.0652549527759448
1575 0.553405566624365 0.0652374333883808
1576 0.553418021559924 0.0652186203977959
1577 0.553424711660329 0.0651984934522433
1578 0.553444189360355 0.0651824370529739
1579 0.55344247278481 0.0651618421359796
1580 0.553434144212524 0.0651420723027909
1581 0.553447402022756 0.0651236141351232
1582 0.553426660138977 0.0651082682233257
1583 0.553435412247475 0.065088644607689
1584 0.553446528706624 0.065069612801081
1585 0.553447211223203 0.0650491014924296
1586 0.553474394454946 0.065037614235116
1587 0.553462460957179 0.0650188711682253
1588 0.553449006293266 0.0650006202380533
1589 0.55345203836478 0.064980288983044
1590 0.553444609050911 0.0649605400508363
1591 0.553423154522613 0.0649457729391378
1592 0.55342512868801 0.0649254327838763
1593 0.553429518193225 0.0649053004691833
1594 0.553416840125392 0.064886925093227
1595 0.553426604636591 0.0648677661373898
1596 0.553423023794615 0.0648476114904355
1597 0.553432852315394 0.0648285079154718
1598 0.553428040025015 0.0648085186752691
1599 0.553405375625 0.0647946013892711
1600 0.553413322298563 0.0647751424916171
1601 0.553427285892634 0.064757332695916
1602 0.55342007797879 0.0647377735809753
1603 0.553409913341646 0.0647188698907302
1604 0.553389598130841 0.0647038207982743
1605 0.553394714196762 0.0646839979883513
1606 0.553399014312383 0.0646640987789227
1607 0.553404929726368 0.0646444235931815
1608 0.553406401491609 0.0646243590343996
1609 0.553399429813664 0.0646048914938108
1610 0.553412893234016 0.06458709647652
1611 0.553414261166253 0.064567083494606
1612 0.553402467451953 0.0645488026129148
1613 0.553392370508054 0.0645300771504547
1614 0.553381712074303 0.0645115168153037
1615 0.553387461633663 0.0644919673913327
1616 0.553397842300556 0.064473372923031
1617 0.553371006798516 0.0644624788676963
1618 0.553376226065472 0.0644429096512045
1619 0.553374738271605 0.0644230446077738
1620 0.553352315237507 0.0644094934733928
1621 0.553358057336621 0.0643900504788347
1622 0.553356945779421 0.0643702262514615
1623 0.553369501231527 0.064352392683498
1624 0.553369501231527 0.064352392683498
1625 0.553369501231527 0.064352392683498
